384
362
-416
-359
106
-432
13
-24
141
-2
252
210
18
-155
381
206
377
402
-59
481
327
-52
-58
403
172
-48
38
13
-261
-494
359
-409
-350
-481
-100
21
354
216
459
-364
-369
-266
365
264
224
299
-265
303
235
-331
-21
314
-91
356
417
473
-42
-486
-282
-431
70
-332
443
-111
-191
-424
412
-405
-209
-191
305
-77
-225
196
-510
113
216
-273
-223
-238
331
44
-186
374
-255
173
345
-219
354
431
478
306
-365
-387
-427
339
105
-174
-293
-92
147
493
351
-406
-423
-497
129
445
-43
-154
-171
7
-129
416
-394
-180
382
466
376
-421
-55
-38
-244
-50
-370
295
234
-52
470
396
21
148
12
333
67
221
-3
-211
258
478
78
-53
426
-472
266
-278
90
288
-284
504
-186
-422
-240
-377
-365
-413
375
482
-14
-392
468
-329
68
-326
-100
-80
-397
-485
-169
-479
447
482
-181
432
226
472
-6
501
498
250
103
276
-352
459
185
-455
-329
64
267
290
-405
-476
286
-133
103
-497
173
-216
-243
-26
-230
99
-263
212
42
232
56
-58
-333
176
-449
-434
167
-50
477
274
-91
-33
-83
423
-170
-376
-56
-313
-318
370
-144
-264
2
-150
-97
170
318
214
-300
412
155
347
-176
-343
-35
-296
-491
-30
-133
352
441
27
-31
-322
-121
418
-364
-324
-48
348
-9
253
-484
32
382
-78
0
342
-274
403
315
225
107
239
-501
310
-445
-30
15
441
463
381
288
70
-356
-446
-505
-21
280
342
-386
465
14
-219
-298
87
26
156
-462
-200
78
470
-55
-280
363
357
108
6
171
222
104
-273
409
-471
285
-439
503
-20
133
-314
306
-321
-37
213
68
-141
411
113
436
-499
-452
473
119
-35
401
363
-169
-452
-379
-160
449
-427
214
-122
417
404
178
2
244
297
471
229
252
510
-26
451
-87
477
-40
295
-257
258
-491
240
325
-322
-230
400
-90
-376
55
291
-14
-480
110
-411
368
17
192
-404
-184
314
-473
-176
-438
-331
-401
128
-265
164
65
250
-178
393
379
-465
-192
83
-475
432
376
-289
309
-331
322
338
-123
-226
298
471
-32
-151
314
-242
-309
-210
-385
-286
-264
-165
125
-467
-320
-495
137
141
476
-220
367
-231
415
-185
373
-209
207
-314
-189
-480
-118
-33
367
250
-445
-77
-104
-227
-451
-65
-392
215
149
231
0
-290
70
15
-248
441
-465
-217
335
5
385
197
421
162
469
-184
-293
419
-274
-182
-193
-193
406
179
-132
341
-26
42
-413
276
465
489
-374
-242
-323
-500
356
353
-308
299
-354
114
-347
-122
341
-125
-383
-186
54
477
254
-428
-48
-6
230
-408
-450
-266
7
361
419
30
133
-212
-419
215
206
85
111
-418
350
429
-192
-8
-346
405
248
268
65
191
-347
-126
460
-471
120
503
116
310
330
101
-101
31
-330
105
444
-159
-311
508
481
-402
-257
-31
189
132
-218
-436
-50
-89
-506
351
-73
-362
110
-42
-508
-502
-369
344
412
-29
-495
-221
44
-384
-253
51
406
259
13
456
483
205
468
-148
197
-308
39
291
235
-284
-300
338
121
-420
-314
-353
-310
300
-194
366
-327
345
456
-105
-60
-474
-308
-153
-219
63
-191
-275
306
-286
-120
-354
-446
187
486
-486
305
-297
-378
91
266
-447
402
-14
425
161
-142
-353
-263
-354
368
-262
184
509
261
375
73
192
-479
348
120
207
81
279
-318
-106
427
125
27
-184
220
-408
-341
-274
-151
-477
107
294
-75
63
-438
156
407
309
414
39
-193
-183
411
-92
-257
62
144
362
508
-411
132
-137
-438
-182
328
-485
-474
447
314
356
338
-106
243
276
7
-382
304
-480
-439
-314
286
-57
367
259
-441
327
159
-73
-412
7
-61
-53
-427
317
-10
-272
98
305
-248
236
-219
227
-318
172
294
-454
-49
64
179
405
-284
-369
468
-271
494
3
-31
-194
-488
-300
-312
-412
-476
-454
-158
111
53
-190
244
77
117
143
299
188
353
413
-313
-76
419
241
-466
-244
-507
-55
-454
133
323
169
-421
-487
-344
364
-413
-388
-306
32
-213
269
435
340
-427
-276
-121
324
-416
-447
262
87
-172
-36
-187
-385
-207
499
347
-36
114
-485
-502
67
-45
-169
419
510
392
119
126
-169
341
380
34
348
-133
-474
338
387
-22
-362
-129
-416
-19
-479
353
-227
368
-228
408
60
-440
454
204
-273
123
-189
-428
-109
29
131
-287
-270
406
99
30
137
-277
-365
-293
-125
251
156
121
-336
303
225
-108
-196
-357
-387
-449
82
236
25
-8
362
-388
-306
-55
-112
367
177
-411
300
-118
-374
-244
-273
-372
-470
221
-242
-344
-300
362
-96
-229
-166
35
-164
47
287
388
-173
242
488
-96
-240
454
370
200
-83
32
-296
45
327
-364
180
-267
346
-119
-483
-57
-143
-63
297
353
184
228
-140
1
497
-140
-248
69
-479
-480
-451
370
-107
11
-230
-83
-58
507
-400
487
356
453
402
-400
-192
-454
185
-129
336
189
-269
242
160
233
-77
-365
326
317
255
457
303
-180
35
147
257
129
492
-456
-68
-31
-387
431
105
-64
-112
120
140
501
-172
-169
146
-102
176
-497
-270
127
270
410
341
485
-372
-68
-409
-436
161
376
396
-38
71
382
345
405
-155
490
-33
-379
-329
87
-110
258
17
482
-463
-81
-503
-25
-483
-34
214
284
428
282
-70
499
-266
-57
130
459
371
20
-374
