-342
-497
-146
-139
444
-36
371
-67
139
239
172
199
-457
139
490
-221
-252
271
-441
-274
300
-360
180
44
-112
413
485
-425
-360
-39
-483
178
-315
77
-15
63
-208
-286
489
-354
338
-429
-97
171
-370
-291
-423
-387
-349
-360
27
279
429
-96
-296
478
-302
-198
163
500
-1
0
245
-145
-446
55
401
215
219
104
298
-337
150
348
119
355
-101
-100
425
402
312
368
290
-265
-5
-63
299
450
-180
149
431
262
293
424
-73
-100
-224
-15
-119
79
287
76
-162
236
-206
130
-155
-349
-324
-377
-248
378
-372
-185
-435
-123
0
265
291
-212
-329
129
397
-124
-232
-352
100
0
-226
91
-75
71
-80
133
112
-64
-14
-344
117
-163
-291
300
147
-154
-375
-19
418
443
-141
-235
-408
70
304
433
-234
-488
221
492
-386
240
148
-4
-121
-53
-388
4
255
463
126
-503
129
171
352
467
85
-123
-463
73
-202
-139
-330
477
-73
247
-474
417
81
253
105
-313
-56
-201
-155
461
220
-462
-371
402
-211
246
-454
-235
-507
173
-257
-433
277
-22
112
301
486
61
434
182
-49
444
285
-140
-154
-271
-146
-168
322
-283
451
49
-287
508
234
-327
-126
269
-236
-169
506
356
153
-286
-196
-153
-244
-451
93
70
197
274
-445
-371
-334
-309
-152
-13
61
-73
-5
-446
303
-62
-280
-63
-136
-368
465
-292
-389
73
206
-105
48
293
431
108
-150
191
474
-200
398
368
93
430
345
-330
321
64
-332
183
491
162
-194
-458
341
243
459
178
-481
-276
-462
-443
-217
425
431
-281
-320
-16
-119
-361
-227
-234
-35
58
-504
-338
-420
132
150
-212
263
-300
-280
333
-378
323
-385
-286
-475
20
359
113
-205
-178
-301
-367
-40
253
242
61
-300
264
-194
-221
-377
-346
-356
288
-354
-331
154
499
187
255
361
-422
-130
388
-133
377
-467
481
-349
44
-369
-504
-91
151
282
-451
-9
-21
-253
-79
148
-324
77
-115
466
-95
-111
-63
246
-331
-145
-101
-120
-118
345
328
-232
-448
-12
97
-126
-192
-434
131
87
85
129
-447
376
167
254
-173
408
57
194
-422
158
-360
13
269
-339
-203
-60
-192
-65
307
-270
-125
-339
-230
-317
466
358
-487
-434
-207
-151
-122
-378
89
-503
-472
447
194
443
-44
286
473
-503
-214
305
454
237
-42
-444
-82
482
-225
-108
-352
-258
321
-6
-175
-448
-183
290
-81
-7
-30
494
-399
495
246
-210
-61
-435
-390
293
-210
14
-491
-188
443
-506
-404
-457
-346
-6
-161
-11
-147
281
27
-7
-81
345
-401
253
-75
-333
-498
193
-41
-475
363
250
481
-171
181
6
149
143
-372
-370
67
46
280
-374
-310
-235
312
-251
-12
-187
19
-265
-419
83
-242
127
-15
-352
107
269
53
274
-393
396
351
125
404
314
100
-479
281
66
-230
-384
317
-339
-384
56
2
-300
-417
450
390
484
-448
-14
-141
-91
-282
-494
-504
471
-408
-111
133
-294
6
493
378
358
-45
234
-376
-161
317
444
-439
-142
-308
317
-509
366
-44
-45
-99
-168
155
255
-110
154
-53
-128
361
-5
-169
427
108
-193
-495
295
263
-195
480
-104
-339
382
475
326
150
-17
-454
426
-181
454
-169
116
-218
82
-19
308
-25
173
367
-409
-119
-256
223
-98
-450
-399
258
490
-6
83
-448
34
-162
-47
-222
-17
101
-417
-79
-103
160
134
170
-163
384
315
-310
18
84
283
283
34
-361
-507
180
-361
37
-434
-362
-234
7
-491
33
198
-183
-34
286
215
155
247
349
142
-418
248
-207
456
-132
-331
-320
-66
-246
-4
359
220
233
151
-202
426
343
-60
-117
-131
-57
-369
297
210
207
125
177
96
440
-290
-109
-407
-191
488
197
-153
40
-396
-197
488
-169
280
292
92
-29
-94
-426
-329
229
-75
-364
-294
391
347
68
400
238
-336
-423
248
177
236
-100
45
-158
-382
166
-211
-50
46
92
175
153
-294
-452
-268
-319
-456
120
-211
159
-54
-208
-352
-455
133
132
-218
-484
-397
278
6
456
-337
-339
-257
-251
-215
-433
65
-328
-392
484
-140
277
-232
131
-427
388
-382
-167
261
-9
-159
138
-290
62
347
8
359
-224
-76
346
-315
-132
-218
184
-282
381
-408
82
-295
32
-104
-499
-63
213
5
179
-393
-35
-354
-291
-98
-294
99
98
-222
-414
347
-294
208
509
-218
-41
-224
342
444
-168
-64
19
448
-180
271
271
-394
96
-466
143
267
-203
-390
-14
377
0
139
154
44
477
-171
-352
-243
456
-179
-299
-226
94
158
-289
-218
159
-482
216
-352
172
-42
-199
-143
175
-203
124
-84
-253
381
339
-68
-80
140
-309
99
117
158
276
-288
340
286
-330
124
211
313
-408
-469
-499
28
401
-221
422
-61
-41
325
477
31
-190
89
145
-112
-38
149
426
91
23
-30
-305
-443
-292
17
131
457
-370
-117
-8
-447
-4
159
-168
-431
-362
-240
-498
507
-361
491
204
-34
199
-154
174
-392
-389
-333
-156
406
-202
-117
407
-378
228
394
-58
229
507
209
82
306
57
61
351
150
420
167
-213
279
107
-139
-204
-24
292
465
-166
-343
-463
266
-293
-100
432
-201
-392
-128
-283
-317
-45
-252
-445
-502
-233
171
-203
-133
262
-250
214
395
-341
499
-389
234
-377
286
-140
-449
-344
25
219
-48
387
104
-290
-375
-295
13
-476
143
145
-371
270
-277
-266
311
-175
-396
-499
-322
364
